30
16
1 1 1 0 1 1 0 1 0 1 1 1 1 1 0 1 0 1 1 0 0 0 1 1 0 0 1 1 1 0
0 1 0 0 0 0 1 1 1 1 0 1 1 0 0 0 0 0 1 1 0 1 1 0 1 1 0 1 1 1
1 0 1 1 1 0 1 0 1 1 1 0 0 1 1 0 1 1 1 0 1 1 1 1 1 1 1 1 1 1
1 1 1 1 0 1 1 1 1 0 1 1 1 1 0 1 1 0 0 1 1 1 1 0 1 0 0 1 1 1
1 1 0 0 1 0 0 0 1 0 0 1 0 0 0 0 0 0 0 0 1 0 0 1 0 0 0 0 0 0
0 0 1 0 0 1 0 1 1 1 0 1 0 1 1 1 1 1 0 0 0 0 1 1 0 0 0 1 0 1
0 1 1 1 1 1 1 1 1 1 1 1 1 1 1 1 1 1 1 1 1 1 1 1 1 1 1 0 1 1
1 0 0 0 0 0 0 1 0 0 1 0 0 0 0 0 0 1 0 0 0 0 1 0 1 1 1 0 0 1
0 1 0 0 0 0 1 0 1 1 1 1 1 1 1 1 0 0 1 1 1 1 0 0 1 0 0 0 0 0
0 1 0 1 1 0 1 0 1 1 1 0 1 0 1 1 0 1 0 1 0 0 1 1 1 0 1 0 0 0
1 1 1 1 0 0 1 1 1 0 1 1 1 0 1 1 0 0 1 1 1 1 0 1 1 0 0 0 0 0
1 1 0 1 0 0 1 1 0 1 0 1 1 0 1 0 1 0 0 1 1 0 1 1 1 1 0 0 1 1
1 1 1 1 1 1 1 1 1 1 1 1 1 1 1 1 1 1 1 1 1 1 1 1 1 1 1 1 1 1
0 1 0 0 0 0 0 0 0 0 0 0 0 0 1 0 0 0 0 0 1 0 0 1 0 0 0 0 0 0
1 1 1 1 1 1 0 1 1 1 1 1 1 1 1 1 1 1 1 0 1 1 1 1 1 1 1 1 0 1
1 1 0 0 1 0 0 0 0 1 1 1 0 1 0 0 0 0 0 0 0 1 1 0 0 1 1 0 1 0
36 79 37 31 36 37 13 100 4 83 19 76 6 22 31 100
