30
18
0 0 1 0 0 0 0 0 0 0 1 0 0 0 1 0 0 0 0 0 0 0 0 0 0 0 0 0 0 0
1 1 1 1 0 1 1 1 1 1 0 0 1 1 1 1 0 1 1 1 0 1 1 1 1 1 0 1 1 1
1 1 0 0 0 1 1 0 0 0 1 0 1 1 1 1 0 0 0 0 1 0 0 1 0 1 0 1 0 1
0 1 1 1 0 1 0 0 0 1 1 1 1 1 1 1 0 0 1 1 1 1 1 1 1 1 1 0 1 0
1 0 1 0 0 1 0 0 0 0 0 0 1 0 1 0 1 0 1 0 1 1 0 1 0 0 1 0 1 1
1 1 1 1 1 1 1 0 0 1 0 0 1 1 0 1 1 1 1 1 0 1 1 1 0 1 1 0 1 1
1 0 0 0 1 1 0 1 0 1 0 1 1 1 0 1 1 0 0 1 1 0 1 0 1 1 1 1 1 1
0 1 0 0 0 1 1 1 1 1 1 1 1 1 0 1 1 1 1 1 1 0 1 1 0 1 0 1 0 0
1 0 0 1 0 0 0 0 0 0 0 1 0 1 1 1 0 1 0 1 0 1 0 1 0 0 1 0 0 0
1 1 1 1 1 1 1 1 1 1 1 1 1 1 1 1 1 1 1 1 1 1 1 1 1 1 1 1 1 1
1 0 1 1 1 1 1 1 1 1 1 1 0 1 0 1 1 1 1 1 1 1 1 0 0 1 1 1 1 1
0 1 0 0 1 0 0 0 0 0 0 0 0 1 0 0 0 0 0 0 0 0 0 0 0 0 1 0 0 0
1 1 1 1 1 1 1 1 1 1 1 1 1 0 0 1 1 1 1 1 1 1 1 1 1 1 1 1 1 1
0 1 0 1 1 0 0 1 0 1 1 0 0 1 1 0 1 0 1 1 1 1 0 0 0 1 1 0 1 1
1 1 1 0 0 0 1 1 1 0 1 0 1 0 1 0 0 0 0 0 0 0 1 0 1 1 1 0 0 1
0 0 1 1 0 1 0 0 1 0 1 0 0 1 0 1 1 1 1 1 0 0 1 0 0 0 1 0 0 0
0 0 0 0 0 0 1 0 0 0 1 0 1 0 0 1 0 1 0 0 0 0 0 1 0 0 1 0 0 1
0 1 1 0 0 0 1 0 0 1 0 0 0 1 1 0 1 0 0 0 1 0 1 1 1 0 1 1 0 0
4 13 2 91 70 27 42 82 97 64 83 72 97 98 86 52 6 68
