30
16
1 0 0 0 1 1 1 0 0 1 1 0 1 0 0 0 1 1 1 1 0 0 0 0 0 0 0 0 1 0
0 1 1 1 0 0 1 0 0 0 1 0 1 1 1 1 1 1 1 0 1 0 1 1 1 0 1 1 1 1
1 1 1 1 1 1 1 1 1 1 1 1 1 1 1 1 1 1 1 1 1 0 1 1 0 1 0 1 0 1
1 1 1 0 1 1 0 1 1 1 1 1 1 0 1 0 1 0 1 1 1 0 1 0 0 1 1 1 0 1
0 1 1 0 0 0 1 1 1 0 1 1 0 0 1 0 0 0 1 1 1 1 1 1 1 1 0 0 1 1
0 0 0 0 0 1 0 0 0 0 0 1 1 0 0 0 0 0 0 0 0 0 0 0 0 0 0 0 0 0
1 1 1 1 1 1 1 1 1 1 0 1 0 1 1 1 0 0 1 1 0 0 1 0 1 0 1 1 1 1
1 1 1 1 0 1 0 1 1 1 1 0 0 0 1 0 0 1 1 0 0 1 0 0 0 0 1 0 0 1
1 1 1 1 1 1 1 1 0 1 1 1 1 1 1 1 1 1 1 1 1 1 1 1 1 1 1 1 0 1
0 1 0 0 0 0 0 0 0 1 1 1 0 0 0 0 0 1 0 0 0 1 0 0 0 1 0 0 0 0
0 0 1 1 0 0 1 0 1 1 1 1 0 1 0 0 1 1 1 0 1 1 1 1 0 0 1 0 1 1
0 0 0 0 0 1 0 1 0 0 0 0 0 0 1 1 0 1 0 0 0 1 0 0 0 0 1 0 0 0
1 0 0 0 0 1 1 1 0 1 1 0 0 0 1 1 0 1 1 1 0 1 1 0 0 1 0 0 1 1
1 1 1 1 1 1 1 1 1 1 1 1 1 1 1 1 1 1 1 0 1 1 1 1 1 1 1 1 1 1
1 1 1 1 0 1 1 1 1 1 1 1 1 1 1 1 1 1 1 1 1 1 1 1 1 1 1 1 1 0
1 0 0 1 1 0 1 1 1 1 1 1 1 1 1 1 1 1 1 1 1 1 0 0 1 0 1 1 0 1
29 76 1 69 13 59 10 80 5 79 90 17 46 38 30 67
