30
18
0 0 1 0 1 0 1 0 0 0 0 0 1 1 1 0 1 0 0 0 1 0 1 0 1 0 1 0 0 0
0 0 0 1 0 0 0 0 1 0 0 0 0 0 0 0 0 0 0 0 0 0 0 0 0 1 0 0 0 0
0 1 0 0 0 0 0 1 0 1 1 1 1 1 1 1 0 1 0 1 1 1 1 0 1 1 1 1 0 1
1 1 1 0 1 1 0 1 1 1 0 0 0 1 1 1 1 1 1 0 1 0 0 1 1 1 1 0 1 0
1 0 0 0 1 1 0 0 1 0 1 0 0 1 1 0 1 0 1 0 0 0 0 0 1 0 0 0 1 1
1 0 0 1 1 1 1 0 0 1 1 1 1 1 0 1 1 0 1 1 1 1 0 1 1 0 0 1 0 1
0 1 0 0 1 0 0 1 0 0 0 0 0 0 0 0 0 1 0 1 0 0 1 1 0 0 0 1 0 0
1 0 0 0 0 1 1 0 0 1 0 0 1 0 1 0 1 0 0 0 0 0 0 1 1 0 0 0 0 1
1 1 1 1 1 1 0 0 1 1 0 1 0 0 1 0 0 1 1 1 0 0 1 0 0 1 1 0 0 0
1 1 1 1 1 1 1 1 1 1 1 1 1 1 1 0 1 1 1 1 1 1 1 1 1 0 1 1 1 1
1 1 1 1 0 0 0 0 1 0 1 1 1 1 1 1 1 1 1 1 1 0 1 1 1 0 1 1 0 1
0 0 0 0 0 1 0 1 1 1 0 0 1 0 0 0 0 0 1 1 0 0 0 1 0 1 1 0 1 1
0 0 1 0 0 1 0 0 1 1 0 1 0 0 0 1 0 0 0 0 0 0 1 1 1 0 0 1 0 0
1 1 1 1 1 1 1 1 1 1 1 1 1 1 1 1 1 1 1 1 1 1 1 1 1 1 1 1 1 1
0 0 0 0 0 0 1 1 0 0 0 0 0 0 0 0 0 0 0 0 0 0 0 0 0 1 0 0 1 0
1 1 1 1 1 1 0 1 1 1 0 1 1 1 0 1 1 1 0 1 0 1 0 0 1 1 0 1 1 0
1 1 0 0 0 0 0 1 0 0 0 0 0 0 0 1 1 0 0 0 1 1 0 0 0 0 0 0 0 0
0 0 0 1 1 1 1 0 0 0 0 0 0 1 1 1 1 0 1 0 0 0 1 0 1 0 0 0 0 1
50 55 50 29 53 39 36 73 9 77 26 41 51 43 98 36 30 95
