30
20
0 0 0 0 0 0 1 0 0 0 0 0 0 1 0 0 0 0 0 0 0 0 0 0 0 0 0 0 0 1
0 0 0 0 0 0 0 0 1 1 1 0 1 0 0 1 1 0 0 1 0 1 1 1 0 1 0 0 0 0
0 0 1 0 0 0 0 0 1 0 0 0 0 1 0 0 0 0 1 0 1 0 0 0 0 0 0 1 1 0
0 1 0 1 0 0 0 0 1 0 0 1 1 1 1 1 1 0 0 1 0 0 0 1 1 0 1 1 1 0
0 1 0 1 1 1 1 1 0 0 0 0 0 0 0 1 1 0 0 1 0 1 0 0 0 0 0 1 1 1
1 0 1 0 1 0 0 1 0 0 1 0 0 0 0 1 1 1 1 0 0 1 0 0 1 1 0 1 0 1
0 0 0 0 0 0 1 1 1 0 1 0 0 0 0 0 1 0 1 1 0 0 0 1 0 0 0 0 0 0
0 0 0 0 0 0 0 0 0 0 0 0 0 0 0 0 0 0 1 1 0 0 1 1 0 0 0 0 0 0
0 1 0 1 0 0 0 0 1 0 0 0 0 0 0 0 0 0 0 1 1 0 0 0 0 0 1 0 1 0
0 1 1 0 0 0 1 0 1 0 1 1 0 1 0 1 1 1 0 1 1 1 1 1 0 1 0 1 1 0
1 1 0 1 1 0 1 0 0 1 1 0 1 1 0 1 0 0 0 0 0 1 0 1 1 1 0 0 0 0
0 0 0 0 0 1 0 1 0 0 0 0 0 0 1 0 1 0 1 1 1 0 1 0 1 1 0 1 0 1
1 1 1 1 1 1 1 1 1 1 1 1 1 1 1 1 1 1 1 1 1 1 1 1 1 1 1 1 1 1
0 1 1 1 1 0 1 0 1 1 1 1 1 0 1 1 1 1 1 0 1 1 1 1 1 1 0 1 1 0
1 1 0 0 1 1 0 0 0 0 1 0 1 0 1 0 0 1 1 0 0 0 1 1 1 1 1 0 1 1
0 1 1 0 0 0 1 1 0 0 0 0 0 0 1 1 1 1 0 0 1 1 0 1 0 0 0 0 0 0
0 0 0 0 0 0 0 1 0 0 0 0 0 0 0 0 0 0 0 0 0 0 1 0 0 0 0 0 1 0
1 0 0 0 0 0 0 0 0 0 1 0 1 0 0 0 0 0 0 0 0 0 0 1 0 0 0 0 0 0
1 1 0 1 0 1 1 1 1 0 1 1 1 0 1 1 0 0 0 1 1 1 0 0 1 0 0 1 1 1
0 0 0 1 0 0 0 0 0 0 0 0 0 0 0 0 1 0 0 1 0 0 0 1 0 0 1 0 0 0
8 97 53 17 85 68 50 80 37 45 32 8 53 35 48 32 21 36 96 75
