40
18
1 0 0 0 0 1 0 1 0 0 1 1 1 0 0 0 1 0 1 0 1 1 0 0 1 1 1 0 0 0 1 0 1 1 1 1 0 1 1 0
1 1 1 1 1 1 1 1 1 1 1 1 1 1 1 1 1 1 1 1 1 1 1 1 1 1 1 1 1 0 1 1 1 1 1 1 1 1 1 1
1 1 1 1 1 1 1 1 1 0 1 1 1 0 0 1 1 1 1 1 0 1 1 1 1 1 1 1 1 1 1 0 1 1 1 1 1 1 1 0
0 1 1 0 0 1 0 0 1 1 0 1 0 1 0 1 1 1 0 1 1 0 0 0 0 1 0 1 0 1 0 0 0 0 0 1 0 0 1 0
1 0 1 1 1 1 1 0 1 0 0 1 0 0 0 0 0 1 1 1 0 1 1 0 1 0 0 1 0 1 1 0 0 0 1 1 1 1 1 0
1 1 0 1 1 1 1 1 1 1 1 1 1 1 1 1 1 1 1 1 1 1 1 1 1 1 1 0 1 1 1 0 1 1 1 1 1 1 0 1
1 1 1 0 1 1 1 1 1 1 1 1 1 1 1 1 1 1 1 1 1 1 1 1 1 1 1 1 1 1 1 0 1 1 1 1 1 1 1 1
1 1 1 1 1 1 1 1 1 0 1 1 1 0 1 1 1 1 1 1 0 1 1 1 1 1 1 1 1 1 1 1 1 1 1 1 1 0 1 1
0 1 1 0 1 1 0 1 1 0 1 1 1 1 0 1 1 1 1 1 0 1 1 1 1 1 1 1 1 1 1 0 1 0 1 0 0 1 1 0
1 1 1 1 1 1 1 1 1 1 1 1 1 1 1 1 1 1 1 1 1 1 1 1 1 1 1 0 1 1 1 1 1 0 1 1 1 1 0 1
0 0 0 1 0 1 1 0 0 1 1 0 1 1 0 1 0 1 1 0 1 1 1 1 0 1 1 1 1 1 0 1 1 0 1 1 1 1 1 0
0 1 0 0 0 0 0 0 0 0 1 0 1 0 0 1 1 1 1 0 0 0 0 0 1 0 0 1 1 0 1 0 0 1 0 0 1 0 0 1
0 0 0 1 1 0 1 1 1 1 0 0 1 0 0 0 1 1 1 0 1 1 1 0 0 0 0 0 0 0 1 0 0 0 1 1 1 1 0 1
1 1 1 0 1 1 1 1 1 1 0 1 0 1 1 1 1 0 1 1 1 0 0 0 1 1 0 0 0 0 1 1 1 0 1 1 1 0 1 1
0 0 1 1 1 1 1 0 1 1 1 1 1 1 1 1 0 1 1 0 1 1 1 1 1 1 1 1 1 0 1 0 1 1 1 1 0 1 1 1
1 1 1 1 1 1 0 1 0 1 1 1 1 0 0 1 0 0 0 0 1 1 1 0 1 1 1 0 1 1 1 1 1 0 1 0 1 1 1 0
0 0 0 0 0 1 0 0 0 1 0 0 1 0 0 0 0 0 0 0 0 0 1 0 0 0 0 0 0 0 0 0 0 1 0 0 0 0 0 0
0 1 1 1 0 0 0 1 1 1 0 1 0 1 0 1 0 0 0 1 1 0 0 1 1 0 1 1 1 1 1 1 1 1 1 1 0 1 1 0
40 42 92 39 57 5 93 37 35 29 31 96 37 25 86 62 26 61
