40
18
0 0 0 1 1 1 1 1 1 1 1 1 1 1 1 1 1 1 1 1 1 0 1 0 1 0 1 1 1 1 1 0 1 1 1 1 1 1 0 1
1 1 1 1 1 1 1 0 1 1 1 1 0 1 0 0 0 1 1 1 1 1 1 1 1 1 1 1 1 1 1 1 1 1 1 1 1 1 1 0
1 1 1 1 1 1 1 1 1 1 1 1 1 0 1 0 0 0 0 1 1 1 1 1 1 1 1 1 0 1 1 0 0 1 1 0 0 0 1 1
0 0 0 0 0 0 1 0 0 0 0 1 0 0 0 0 0 0 0 0 0 0 0 0 0 0 0 0 0 0 0 0 0 0 0 0 0 0 0 1
1 1 1 1 0 1 0 1 0 1 0 0 1 1 1 1 0 1 0 1 1 1 1 1 1 1 1 1 0 0 0 0 1 1 0 0 1 1 1 1
0 1 1 0 0 1 1 1 0 0 0 1 0 1 0 1 1 1 1 0 0 0 0 0 0 1 1 1 1 0 0 1 0 0 1 0 0 1 1 0
1 0 0 0 1 0 0 0 0 0 0 0 0 0 0 0 0 0 0 0 0 0 0 0 0 0 0 0 0 0 0 0 0 0 0 0 0 0 1 0
1 0 1 1 0 0 1 1 0 1 1 1 1 1 1 0 1 0 0 1 1 1 0 1 0 1 0 1 0 0 0 0 0 1 1 0 0 0 0 1
1 0 1 1 1 1 0 0 1 1 1 1 1 1 1 1 1 1 1 0 1 1 1 1 1 1 1 1 1 0 1 1 1 0 1 1 1 1 1 0
0 1 1 1 0 0 0 0 0 0 0 0 1 0 0 1 1 1 0 1 1 1 1 1 1 1 0 1 0 0 1 1 1 0 1 0 1 0 1 1
0 0 0 0 0 0 1 0 0 0 0 1 0 1 1 0 0 1 0 1 0 0 0 0 0 0 0 0 0 0 0 0 0 0 0 0 1 0 1 1
0 0 1 1 0 1 0 1 0 0 1 1 0 0 0 1 0 1 1 1 1 0 1 1 0 1 0 0 1 1 0 0 0 0 1 0 1 0 1 0
1 1 1 1 1 1 1 1 1 1 0 1 1 1 1 1 1 1 1 1 1 1 1 1 1 1 1 1 1 1 0 1 1 1 1 1 1 1 1 1
1 1 1 1 1 1 1 1 1 1 1 1 1 1 1 1 1 1 1 1 1 1 1 1 1 1 1 1 1 1 1 1 1 1 1 1 1 1 1 1
1 0 0 0 0 0 0 0 0 0 1 0 0 0 0 0 1 0 0 0 0 0 0 0 0 1 0 0 0 0 1 1 0 0 0 0 0 0 0 1
0 0 0 0 0 0 0 1 0 1 0 0 0 0 0 0 0 0 0 0 0 1 0 1 1 0 0 0 0 0 0 0 0 0 0 1 0 0 1 0
1 1 1 1 1 1 1 1 1 1 1 1 1 0 1 0 1 1 1 1 1 1 1 1 1 1 1 1 1 1 1 1 1 1 1 1 1 1 1 1
0 1 0 0 1 1 0 0 1 0 1 1 1 0 0 1 1 1 0 0 1 0 1 0 1 0 1 1 1 0 1 1 0 0 0 0 1 0 0 0
85 42 51 15 8 37 18 53 90 70 49 51 68 42 57 44 19 38
