40
16
1 1 1 0 1 1 0 0 0 1 1 0 0 0 1 1 1 0 1 1 0 1 1 1 1 1 0 1 1 1 1 1 0 0 1 0 1 1 1 1
0 0 0 0 0 0 0 0 0 0 1 0 0 0 0 0 0 0 0 0 0 1 0 0 0 1 0 0 1 0 1 0 0 0 0 1 0 0 0 0
0 1 1 1 1 0 1 1 1 1 1 1 0 1 0 1 0 1 0 1 0 0 1 0 0 1 0 1 1 0 0 1 1 1 1 1 1 0 1 1
1 1 1 1 1 1 1 1 1 1 1 1 1 1 1 1 1 1 1 1 0 1 1 1 0 1 1 1 1 1 1 1 0 0 0 1 1 1 1 1
1 1 1 1 1 1 1 1 1 1 1 1 0 1 1 1 1 1 0 1 1 1 1 1 0 1 1 1 1 1 1 1 0 0 0 1 0 1 1 1
0 0 0 1 1 1 0 0 0 0 0 0 0 1 0 0 0 0 0 0 1 0 0 1 1 0 0 0 0 0 0 0 0 0 1 0 0 0 0 0
0 0 1 1 0 0 1 1 0 1 0 0 0 1 1 0 1 1 1 1 1 0 0 1 0 0 0 1 1 0 1 1 1 1 0 0 0 1 0 0
1 1 1 0 0 0 0 1 0 0 0 1 0 0 0 1 1 0 1 1 0 0 1 0 0 1 0 0 0 0 0 0 0 0 1 0 0 1 0 0
0 1 1 0 0 1 0 1 0 0 0 1 0 0 1 1 0 0 0 1 0 1 0 0 1 0 1 1 1 1 0 0 1 1 0 1 1 1 0 1
0 0 1 0 1 1 1 1 0 1 1 0 1 1 0 1 1 0 0 0 0 1 0 1 0 0 0 1 1 1 1 1 0 1 1 1 0 1 1 1
0 1 0 1 1 0 1 1 1 1 0 1 0 1 0 0 1 0 1 1 0 0 1 1 0 1 1 1 1 1 1 0 1 0 0 1 1 0 0 1
1 1 1 1 1 1 0 1 1 1 0 1 0 1 1 1 0 1 0 0 1 1 0 1 1 1 0 1 0 1 0 1 1 1 1 1 1 1 0 1
0 0 0 0 1 1 0 0 0 0 0 0 0 1 0 0 1 0 0 0 0 0 0 0 0 0 0 0 0 0 0 0 0 0 0 0 1 0 0 0
1 1 1 1 1 1 1 0 1 1 1 1 1 0 1 1 1 1 1 1 1 1 1 1 1 1 1 1 1 1 1 1 1 1 1 1 1 1 1 1
0 0 0 0 0 1 0 0 0 0 0 0 0 0 0 0 0 0 0 0 0 0 0 0 0 0 0 0 1 0 0 0 0 0 0 0 0 0 0 0
1 0 0 0 0 0 1 0 0 0 0 0 0 0 1 0 0 0 0 0 0 0 0 1 0 0 0 0 0 0 0 0 1 1 0 0 0 1 0 0
8 63 78 24 50 93 98 4 49 57 34 80 88 82 79 40
