50
16
0 1 1 1 0 0 1 0 0 1 0 1 0 1 0 0 0 0 0 0 0 0 0 0 1 0 0 0 0 0 1 0 0 1 0 0 1 1 0 0 0 0 1 0 0 0 0 1 0 1
0 0 0 1 0 1 1 0 1 0 0 0 0 0 1 0 0 1 1 0 1 1 0 0 0 0 0 1 1 1 0 1 0 0 1 0 1 0 1 1 0 0 1 1 0 0 0 0 1 0
0 0 0 0 1 0 1 0 0 0 0 0 1 1 0 1 0 0 1 1 0 1 0 1 0 1 0 1 0 0 0 0 1 0 0 1 1 0 0 0 1 1 0 0 1 0 1 0 0 1
1 0 1 0 0 1 0 1 1 0 0 1 0 0 0 1 1 0 1 1 1 0 1 1 0 0 0 0 1 1 0 0 1 0 1 0 1 0 0 1 0 0 0 1 0 0 0 0 0 1
0 0 0 0 0 1 0 1 1 1 1 0 1 1 1 0 1 0 0 1 0 0 1 1 0 0 1 1 0 0 1 1 1 1 1 0 1 0 0 1 0 0 0 1 0 0 0 1 1 1
0 0 0 1 1 1 1 0 1 1 0 1 0 1 0 0 1 0 0 0 0 1 1 0 0 1 1 0 1 0 1 1 1 1 0 1 1 1 0 0 1 0 1 1 0 1 1 1 1 0
0 1 1 1 1 0 1 1 1 1 0 0 0 0 1 1 1 0 1 1 1 1 1 0 1 1 0 0 1 1 1 1 0 0 1 1 0 1 1 0 1 0 0 1 1 0 1 1 0 1
1 0 1 1 0 1 0 0 1 0 0 0 1 0 0 1 1 0 0 0 1 0 0 1 0 0 0 0 0 1 0 0 0 1 0 0 0 1 0 1 0 0 0 1 1 1 1 1 0 1
1 1 1 1 0 1 0 1 0 1 1 1 0 1 0 1 1 0 0 0 0 1 1 1 1 0 0 1 1 1 0 1 1 0 1 1 1 1 0 0 1 1 0 1 1 1 1 1 1 1
1 1 1 1 1 1 1 1 1 1 1 1 1 0 1 1 1 1 0 0 0 1 0 1 1 0 1 1 1 1 1 1 1 1 0 1 1 1 0 1 1 1 1 0 1 1 0 0 0 0
1 1 0 0 0 0 0 0 0 1 0 1 1 0 1 0 1 0 1 1 0 1 1 1 1 1 1 1 1 0 1 0 0 0 1 0 0 0 1 1 1 0 0 0 0 0 1 1 0 1
0 0 1 1 0 1 0 0 0 1 1 1 0 0 0 0 0 1 0 0 0 0 0 1 0 1 0 0 1 0 0 0 0 0 1 0 0 1 0 0 0 0 0 1 1 1 0 0 0 0
1 1 0 0 0 0 0 0 1 1 0 0 0 0 0 0 0 0 1 0 0 0 0 1 0 0 0 1 0 0 0 1 1 1 0 0 1 0 0 0 0 0 0 1 0 1 0 0 0 1
0 1 0 0 0 1 0 0 1 1 0 0 0 0 1 0 1 0 1 0 1 1 1 0 0 1 1 0 0 0 1 0 1 1 0 1 0 1 0 1 0 1 0 1 1 1 1 1 1 1
1 1 1 1 1 1 1 1 1 1 1 1 1 1 1 1 1 1 1 1 1 1 1 1 1 1 1 1 1 1 1 0 1 1 1 1 1 1 1 1 1 1 1 1 1 1 0 1 1 1
1 1 0 1 1 1 1 1 1 1 1 1 0 1 1 1 1 1 1 1 0 1 1 1 1 1 1 1 1 1 0 0 1 1 1 1 1 1 1 1 1 1 1 1 1 1 1 1 1 1
87 61 33 68 67 30 28 33 11 36 93 51 44 97 95 7
