50
16
0 0 0 0 0 0 0 0 0 0 0 0 0 0 0 0 0 0 0 0 0 0 0 0 1 0 1 0 1 1 0 0 0 0 0 0 0 0 1 1 0 0 1 0 1 1 0 0 0 1
1 1 0 0 0 1 0 0 0 0 1 0 0 0 1 1 0 1 1 1 1 1 0 0 1 0 0 1 1 0 0 0 0 1 0 0 0 1 0 0 0 1 1 0 0 0 1 0 1 1
0 0 1 0 1 1 1 0 1 0 1 1 1 0 0 1 0 1 1 0 0 0 1 1 1 0 0 0 0 0 0 1 0 1 1 0 0 0 1 0 0 0 0 0 1 0 0 1 1 1
1 0 0 1 1 1 1 0 1 1 1 1 1 1 1 1 1 1 1 1 1 1 1 0 0 1 1 1 1 0 1 1 1 1 1 0 0 0 0 1 1 1 1 1 1 1 1 1 0 1
1 1 1 1 0 1 0 1 1 1 1 1 1 0 1 1 0 1 1 1 1 0 1 1 1 1 1 1 0 1 1 1 1 1 1 1 1 1 1 1 1 1 1 1 0 1 0 0 1 0
0 1 0 0 1 0 1 0 1 0 0 0 0 1 0 1 0 0 0 0 0 0 1 0 0 1 0 0 0 0 0 0 0 0 1 0 0 1 0 0 1 1 0 1 1 1 1 1 1 1
1 1 1 1 1 1 0 1 1 1 1 0 1 1 1 1 1 1 1 1 1 1 1 1 1 1 1 1 1 1 1 1 1 1 1 1 1 1 1 1 1 0 1 1 0 0 1 1 1 1
0 0 1 1 1 1 1 1 1 0 1 1 1 1 0 1 1 0 0 1 1 0 1 1 1 1 0 0 0 1 0 1 1 1 0 1 0 1 0 1 1 0 1 0 0 0 1 0 0 0
0 0 1 0 0 0 0 1 0 0 0 0 0 1 1 0 1 1 1 1 0 1 0 0 1 0 1 0 0 1 0 0 0 0 0 0 0 0 1 0 1 0 0 0 1 0 0 0 1 0
1 0 0 0 1 0 1 0 1 0 0 0 1 1 0 0 0 1 0 0 1 0 0 0 0 0 0 0 0 0 0 0 0 0 0 0 0 0 1 0 1 1 0 0 0 1 0 0 0 0
0 1 0 0 0 0 0 0 0 0 0 0 0 0 0 0 0 0 0 0 0 0 0 0 0 0 0 0 0 0 0 0 0 0 1 0 0 0 0 0 0 0 0 0 0 0 0 0 0 0
0 0 0 0 0 0 0 0 0 0 0 1 0 0 0 1 1 0 0 0 1 1 0 1 1 1 1 0 1 0 0 0 0 1 0 1 0 1 0 0 1 1 0 1 0 0 1 0 1 0
0 0 1 0 1 0 1 0 0 1 1 1 1 1 0 1 0 0 0 0 0 0 0 0 0 1 0 0 0 1 1 1 1 0 0 1 0 1 0 0 0 1 1 1 0 1 1 1 1 1
0 1 1 1 1 1 1 0 1 0 0 0 1 0 1 0 0 1 0 1 0 0 0 1 1 0 0 0 0 1 1 0 0 1 1 0 0 0 1 1 1 1 0 1 0 1 1 0 1 1
0 1 1 0 1 1 1 1 0 0 1 1 1 1 1 1 1 1 1 1 0 1 1 1 1 1 1 1 1 1 1 1 1 1 1 0 1 0 0 1 1 0 1 1 1 1 1 1 1 1
1 1 1 1 1 1 1 1 1 1 1 1 1 1 1 1 1 1 1 1 1 1 1 1 1 1 1 1 1 1 1 1 0 1 1 1 1 1 1 1 1 1 1 1 1 1 1 1 1 1
16 25 26 16 70 46 48 82 85 50 3 69 49 40 62 60
