50
18
1 0 1 1 1 1 1 1 1 1 1 1 1 1 1 1 1 0 1 1 1 1 1 1 1 1 1 1 1 0 1 1 1 1 1 1 0 1 1 1 1 1 1 1 1 1 0 0 1 1
1 1 0 0 1 1 0 0 1 1 1 0 1 0 1 0 1 1 1 0 1 0 0 1 1 0 1 0 0 0 0 0 0 1 0 0 1 0 1 1 1 0 0 1 1 0 1 0 1 1
1 0 1 0 1 1 0 0 1 1 0 0 0 0 0 1 0 0 0 0 0 1 1 1 0 1 1 0 0 0 0 0 0 0 0 1 0 0 0 1 1 1 0 0 1 1 1 1 1 1
1 1 1 1 1 1 1 1 1 1 1 1 1 1 1 1 1 1 1 1 1 1 1 1 1 1 1 1 1 1 1 1 1 1 1 1 1 1 1 1 1 1 1 1 0 0 0 0 0 0
0 0 0 0 0 0 0 0 1 0 0 0 0 0 0 0 0 0 0 0 0 0 0 0 1 0 0 0 0 0 0 0 0 0 1 0 0 0 0 0 0 0 0 0 1 1 1 1 1 1
1 1 1 1 1 1 1 1 1 0 0 1 1 1 0 1 1 1 1 1 1 0 0 1 0 1 0 1 1 0 1 0 0 0 1 1 0 1 1 0 0 1 0 0 0 1 1 1 1 1
0 1 1 1 1 1 1 0 1 1 1 1 1 0 1 1 1 1 0 0 1 1 1 0 1 1 0 1 1 0 0 0 0 1 0 1 1 1 1 1 0 0 1 1 1 1 1 1 1 1
1 1 1 1 1 1 1 1 1 1 1 0 1 1 1 1 1 1 1 1 1 1 1 1 1 1 1 1 0 1 0 1 1 1 1 1 1 1 1 1 1 1 1 1 1 0 1 0 1 1
1 0 1 0 1 1 0 1 0 1 1 1 0 1 1 1 1 1 1 1 1 1 1 1 1 1 1 1 1 1 0 1 1 0 1 0 1 1 0 0 0 1 1 1 1 1 1 1 1 1
1 1 1 1 1 1 1 1 1 0 1 1 0 1 1 1 1 1 1 1 1 1 1 1 1 0 1 0 1 0 1 0 1 1 1 0 0 1 1 1 1 0 1 0 1 1 1 1 1 0
1 1 1 1 1 0 1 0 0 0 0 1 1 1 0 0 0 0 1 0 1 1 1 0 0 0 0 0 1 0 1 1 1 1 1 1 0 1 1 0 0 1 0 0 0 1 1 0 0 0
0 1 1 0 0 0 1 0 1 0 1 1 1 0 1 1 0 0 0 0 0 0 1 1 1 0 1 0 1 0 1 0 1 0 1 0 1 0 0 1 1 0 1 1 1 1 0 1 1 0
1 1 0 1 1 0 0 1 1 0 0 0 1 1 1 0 1 1 0 0 0 0 0 0 1 0 0 0 1 1 0 0 0 1 0 0 1 1 0 1 1 1 1 1 0 1 0 0 1 0
0 1 0 0 1 0 1 1 1 1 1 1 0 1 1 1 1 1 0 0 1 1 1 0 0 1 1 1 1 0 1 1 0 1 1 0 1 0 0 1 0 1 1 1 1 1 1 0 1 1
1 1 1 0 1 1 1 1 1 0 1 1 1 1 1 1 1 1 1 1 0 1 1 1 0 1 1 1 1 1 1 1 1 0 1 1 1 1 1 1 0 1 1 1 0 0 0 0 1 0
0 0 0 0 1 0 0 0 0 0 0 0 0 0 0 0 0 0 0 0 0 0 0 1 0 0 0 1 0 0 0 0 0 0 0 0 1 0 1 0 0 0 0 1 0 1 1 1 0 1
0 1 1 1 0 1 1 1 1 1 1 1 1 1 1 1 0 0 1 0 1 1 1 0 1 1 1 1 1 1 1 1 1 0 1 1 1 1 1 1 1 1 1 0 1 1 1 1 0 1
1 1 1 1 0 1 0 1 1 0 0 1 1 1 1 1 1 1 1 1 1 0 1 1 1 1 1 0 1 1 1 1 1 1 1 1 1 0 1 1 1 1 1 1 1 0 1 1 1 1
26 62 3 35 97 85 32 97 11 27 42 75 48 4 54 96 72 35
