50
18
0 0 1 0 0 1 1 0 1 0 0 1 0 0 1 0 0 0 1 0 0 0 0 0 0 0 0 1 0 0 1 1 0 0 1 0 1 0 0 0 0 0 0 1 1 1 0 1 1 1
1 1 0 1 1 1 1 0 1 0 1 1 1 0 1 1 0 0 0 1 1 1 1 0 1 1 1 1 1 1 1 1 0 1 1 1 1 1 1 1 1 0 0 0 0 1 1 1 0 1
0 1 1 1 0 1 0 0 1 0 0 0 0 0 0 0 0 0 0 0 0 1 0 1 0 1 0 0 0 1 0 1 0 0 1 1 1 0 0 1 0 0 1 1 1 0 0 0 0 0
1 0 0 0 0 0 0 0 0 1 0 1 1 0 0 1 0 0 1 0 0 0 1 1 1 0 1 1 0 1 0 0 0 0 1 0 1 0 1 0 1 0 1 1 1 1 1 1 1 1
1 1 1 1 1 1 1 1 1 0 1 1 1 1 1 1 0 1 1 1 1 0 1 1 1 1 1 1 1 1 1 1 1 1 1 1 1 1 1 1 1 1 1 0 1 0 1 0 1 1
1 0 1 0 1 1 0 0 0 0 1 0 1 0 0 0 0 1 0 1 1 0 0 0 1 0 0 1 0 1 1 0 1 0 0 1 0 0 0 0 0 0 1 0 1 1 1 1 1 1
1 1 1 1 1 1 1 1 1 1 1 1 1 1 1 1 1 1 1 1 1 1 1 1 1 1 1 1 1 1 1 1 1 1 1 1 1 1 1 1 1 1 1 1 0 0 0 0 0 1
0 0 0 0 0 1 0 0 0 1 1 0 1 0 0 1 0 1 1 1 1 0 0 0 0 0 0 0 0 0 0 0 1 0 0 0 0 0 0 0 1 1 0 0 1 1 1 1 1 1
1 1 1 1 1 1 1 1 1 1 1 1 1 1 1 1 1 1 1 1 1 1 1 1 1 1 1 1 1 1 1 1 1 1 1 1 1 1 1 1 1 1 1 1 1 0 1 0 1 0
1 0 1 0 1 0 0 1 0 0 0 0 1 1 1 0 0 0 0 0 0 0 0 1 1 1 1 0 1 0 1 0 0 0 1 0 0 1 0 0 0 0 1 0 0 0 0 0 0 0
0 0 0 0 0 0 0 0 0 0 0 0 0 0 1 0 1 1 0 0 1 1 0 0 0 0 0 1 0 0 0 1 0 0 0 0 0 0 0 0 0 0 1 0 1 0 0 1 0 1
1 0 0 1 0 1 1 1 1 0 0 0 1 0 0 0 0 0 1 0 1 0 0 1 1 0 1 1 0 1 0 0 1 0 1 0 1 1 0 0 0 0 0 0 0 0 0 0 0 0
0 0 0 0 0 0 0 0 0 0 0 0 0 0 0 0 0 0 0 1 0 1 1 0 0 0 0 0 0 0 0 0 0 0 0 0 0 0 1 0 0 0 1 0 1 0 0 1 1 1
1 0 0 1 1 1 1 1 1 1 1 1 0 1 1 1 1 1 1 1 0 1 1 1 1 1 1 1 1 0 1 1 1 1 1 1 1 1 0 1 0 0 1 1 1 0 1 0 0 0
1 0 1 0 0 0 1 0 0 0 0 1 1 1 0 1 0 1 0 0 1 0 0 1 0 0 0 1 0 1 1 0 1 0 0 1 0 0 1 1 0 0 0 0 1 1 1 1 1 1
1 1 1 1 1 1 1 1 1 1 1 1 1 1 1 1 1 1 1 1 1 1 1 1 1 1 1 1 1 1 1 1 1 1 1 1 1 0 1 1 1 1 1 1 1 1 1 1 1 1
1 1 1 1 1 1 1 1 1 1 1 1 1 1 1 1 1 1 1 1 1 1 1 1 1 1 1 1 1 1 1 1 1 1 1 1 1 1 1 1 1 1 1 1 1 1 0 1 1 1
1 1 0 1 1 1 0 1 1 0 0 1 1 0 0 1 1 0 1 1 1 0 1 1 1 0 1 1 0 1 1 1 1 0 1 1 1 1 1 0 1 1 0 1 0 0 1 1 1 1
39 4 33 98 7 2 82 32 61 31 86 93 68 41 85 25 24 94
