50
18
1 0 0 0 0 0 0 0 0 0 0 0 1 0 0 0 0 0 0 0 0 1 0 0 0 0 0 1 0 1 0 0 0 0 0 1 0 0 0 0 0 0 0 0 0 1 1 1 0 1
0 1 1 1 0 1 1 1 1 1 1 1 1 1 1 1 1 1 1 1 1 1 0 1 1 1 1 1 1 1 1 1 1 1 1 1 1 1 1 1 1 1 1 1 0 1 1 0 1 1
0 1 1 0 1 1 0 1 0 1 1 1 0 1 0 0 0 0 1 0 1 0 0 0 1 1 0 1 1 1 1 1 0 1 1 0 0 1 1 1 0 0 0 0 0 1 0 0 0 0
0 1 0 0 0 0 1 0 1 0 1 1 1 0 0 0 1 1 1 0 0 1 0 0 0 1 1 0 1 0 1 0 0 0 0 1 0 0 1 0 1 1 0 0 0 0 1 1 0 1
0 0 1 1 0 1 1 1 0 1 0 1 0 1 1 1 0 1 1 0 1 1 0 0 1 1 0 0 1 0 0 1 1 0 0 1 1 1 1 0 1 1 1 1 0 0 1 0 0 0
0 0 1 0 0 0 0 0 0 0 0 1 1 0 0 0 1 0 1 1 0 1 0 0 0 0 1 0 0 0 1 1 0 0 0 0 0 0 1 1 0 1 0 0 1 1 1 1 1 1
1 1 1 1 1 1 1 1 1 0 0 1 1 0 1 1 1 1 1 1 1 1 1 0 0 0 1 1 1 1 0 1 1 1 0 1 0 0 1 1 1 1 1 1 1 0 0 1 1 1
1 0 0 1 1 1 1 1 0 1 0 1 0 0 1 0 0 0 1 0 1 1 1 0 0 0 0 1 0 0 1 0 0 0 0 0 1 1 1 1 1 1 1 1 1 0 0 1 1 1
1 0 0 1 1 1 0 0 0 0 1 0 0 0 0 1 0 0 0 0 0 0 0 1 1 1 0 0 1 1 1 1 0 0 0 1 0 0 0 1 1 0 0 1 1 0 0 0 0 1
1 0 0 0 0 1 1 0 1 1 1 0 1 1 0 0 0 1 1 0 1 1 0 1 1 0 0 1 1 0 1 1 0 1 0 1 1 0 0 1 1 1 1 1 1 0 1 0 0 1
1 0 1 0 0 1 1 0 0 0 1 1 0 1 1 1 1 1 0 1 1 0 0 0 1 0 1 0 0 1 1 1 0 1 0 0 0 1 0 0 0 0 0 0 0 1 1 1 1 0
0 1 1 1 1 0 0 0 1 1 0 1 1 1 1 1 1 0 1 0 0 0 1 1 0 1 1 1 0 0 1 0 1 0 1 1 0 0 1 0 1 1 1 0 0 0 0 1 1 0
0 0 0 1 1 0 0 0 0 1 0 0 0 0 0 1 0 0 0 0 0 0 1 0 0 0 1 0 0 0 0 1 0 0 0 0 1 0 0 0 0 1 0 1 1 0 0 0 0 0
1 0 0 0 0 0 0 0 0 0 0 0 0 0 0 0 0 0 0 0 0 0 0 0 0 0 0 0 0 0 0 0 0 0 0 0 1 0 0 0 1 0 0 0 0 0 0 1 1 0
0 0 0 1 1 0 1 1 1 1 0 1 0 0 0 1 1 0 0 1 0 0 1 0 0 1 0 0 0 1 1 0 1 1 1 0 0 0 1 0 1 0 1 1 1 0 0 0 0 0
1 0 0 0 0 0 0 0 0 0 0 0 0 1 0 0 0 0 0 0 0 0 0 0 0 0 0 1 0 0 0 0 0 1 0 0 1 0 0 0 0 1 0 0 1 0 0 1 1 1
1 0 0 1 1 1 0 1 1 1 1 1 1 1 1 1 1 1 0 1 1 1 0 1 0 0 1 1 1 1 1 0 1 1 1 0 1 1 1 1 1 1 1 1 1 0 1 1 0 0
1 0 1 1 0 0 0 0 0 1 1 0 0 0 0 0 1 0 0 0 1 0 1 1 0 0 1 0 0 0 1 1 0 0 0 0 1 1 0 0 1 0 1 1 1 1 0 0 0 1
87 27 25 72 55 37 88 42 40 63 58 9 51 11 72 50 25 40
