50
20
1 0 0 1 1 1 0 1 0 0 0 1 1 1 1 1 1 1 1 0 1 1 1 1 1 1 1 1 1 0 1 1 0 0 0 0 0 1 0 0 0 0 1 1 1 1 1 1 1 1
1 1 1 1 1 1 1 0 1 0 1 0 0 1 1 1 1 1 1 1 1 1 1 1 0 1 1 1 1 1 1 1 1 1 1 1 0 1 1 1 1 0 0 0 1 1 1 1 1 1
1 1 1 1 1 1 1 1 1 1 1 1 1 1 1 1 0 1 1 1 1 1 0 0 1 1 1 1 1 1 0 0 1 1 1 1 1 1 1 1 1 1 1 1 1 0 0 1 1 0
1 0 0 1 1 0 0 0 1 1 0 1 0 0 0 1 1 0 0 0 0 0 0 1 0 0 0 0 0 0 0 0 0 0 0 1 0 0 0 0 0 0 0 1 0 1 0 0 0 0
0 1 0 0 0 0 1 0 0 0 0 1 1 1 1 1 0 0 1 0 0 0 0 0 0 0 1 0 0 0 1 1 0 0 0 0 0 0 0 0 0 0 1 0 1 1 1 1 1 1
1 1 1 1 1 1 1 1 1 1 1 1 1 1 0 1 1 0 1 0 1 1 1 0 1 1 0 0 1 1 1 1 1 1 1 1 1 1 1 1 1 1 0 1 0 0 0 0 0 0
0 0 0 0 0 0 0 0 0 0 0 1 0 0 0 0 1 0 0 0 1 1 0 0 0 1 0 0 0 0 0 0 0 0 0 0 0 0 0 0 0 0 1 0 1 1 0 0 1 1
1 1 0 0 1 1 1 1 0 1 1 0 1 1 1 1 1 1 1 1 1 1 1 1 1 1 1 1 1 1 1 1 1 1 1 1 1 0 1 1 1 1 1 1 1 0 1 0 1 1
1 0 1 0 1 1 0 1 0 1 0 0 1 0 1 0 1 0 1 0 1 1 0 1 0 0 1 0 1 0 0 1 0 1 0 1 0 0 0 1 0 0 0 0 1 0 1 0 1 1
1 0 1 0 1 1 1 0 1 0 1 0 1 1 0 1 1 1 1 0 1 0 1 1 1 1 1 1 1 1 0 0 1 1 0 1 0 1 1 1 1 1 0 1 1 1 1 1 1 1
1 1 1 1 1 1 1 1 1 1 1 1 1 1 1 1 1 1 1 1 1 1 1 0 1 1 1 1 1 1 1 1 1 1 0 0 1 1 1 1 1 1 1 1 0 1 0 0 1 0
0 1 0 0 1 0 1 1 1 0 1 0 1 1 1 0 1 0 0 1 1 0 1 1 0 1 0 1 0 1 1 1 1 0 1 1 1 0 1 0 0 0 1 0 1 0 1 0 1 0
1 0 1 0 1 0 1 1 0 1 1 1 1 1 0 1 1 1 1 0 0 1 0 0 1 1 1 1 1 1 1 0 1 1 1 1 1 1 1 1 1 1 1 1 0 0 0 0 0 0
0 0 0 0 0 0 0 0 0 0 0 1 0 0 0 0 0 0 0 0 0 0 0 0 0 0 1 0 0 0 0 0 0 0 0 0 0 0 0 0 0 0 0 0 0 0 0 0 0 0
0 0 0 0 0 0 0 0 0 0 0 1 0 0 0 0 1 0 0 1 1 0 1 0 0 0 0 0 0 0 1 0 0 0 0 0 0 0 0 0 1 0 0 0 0 1 1 1 1 1
0 1 1 1 1 1 1 1 1 1 0 1 1 1 1 0 1 1 1 1 1 1 1 1 1 1 1 0 1 1 1 1 1 1 1 1 1 1 1 1 1 0 0 1 0 1 0 1 1 0
0 1 0 1 1 0 1 1 1 1 0 1 1 1 0 0 1 0 1 1 1 1 1 1 0 1 1 1 0 1 0 1 1 1 1 1 1 1 0 1 1 0 0 1 1 1 1 0 1 1
1 1 1 0 1 1 1 0 1 1 1 1 1 1 1 1 1 1 1 0 1 1 1 1 1 1 0 0 1 1 1 1 0 0 1 1 1 1 1 1 1 0 1 1 0 0 0 0 0 0
0 0 0 0 0 0 1 1 0 0 0 0 0 0 1 1 0 0 0 0 0 0 0 0 0 0 1 0 0 0 1 0 0 0 0 0 0 0 0 0 0 0 1 0 0 0 0 1 1 1
0 0 0 1 1 1 0 0 0 1 1 1 1 1 1 0 0 1 0 1 1 0 1 1 0 1 1 1 0 1 1 1 1 1 1 1 0 0 1 1 0 1 0 0 0 0 1 0 1 1
84 33 37 63 48 87 51 2 44 86 24 65 15 79 99 69 97 5 20 90
